TOP: ReliefAttrEval_k_10_ranker_N_60.arffliblinear_C_0.0005_CCC:0.715862147748


ReliefAttrEval_k_10_ranker_N_10.arffliblinear_C_0.0001_CCC:0.532138646755
ReliefAttrEval_k_10_ranker_N_10.arffliblinear_C_0.0002_CCC:0.539610775578
ReliefAttrEval_k_10_ranker_N_10.arffliblinear_C_0.0005_CCC:0.544521143439
ReliefAttrEval_k_10_ranker_N_10.arffliblinear_C_1e-05_CCC:0.392536768855
ReliefAttrEval_k_10_ranker_N_10.arffliblinear_C_2e-05_CCC:0.465094823847
ReliefAttrEval_k_10_ranker_N_10.arffliblinear_C_5e-05_CCC:0.516221573731
ReliefAttrEval_k_10_ranker_N_20.arffliblinear_C_0.0001_CCC:0.636644833139
ReliefAttrEval_k_10_ranker_N_20.arffliblinear_C_0.0002_CCC:0.645371740596
ReliefAttrEval_k_10_ranker_N_20.arffliblinear_C_0.0005_CCC:0.650959784786
ReliefAttrEval_k_10_ranker_N_20.arffliblinear_C_1e-05_CCC:0.51247147334
ReliefAttrEval_k_10_ranker_N_20.arffliblinear_C_2e-05_CCC:0.574542507187
ReliefAttrEval_k_10_ranker_N_20.arffliblinear_C_5e-05_CCC:0.62024287774
ReliefAttrEval_k_10_ranker_N_30.arffliblinear_C_0.0001_CCC:0.664837662556
ReliefAttrEval_k_10_ranker_N_30.arffliblinear_C_0.0002_CCC:0.669159910926
ReliefAttrEval_k_10_ranker_N_30.arffliblinear_C_0.0005_CCC:0.668666234731
ReliefAttrEval_k_10_ranker_N_30.arffliblinear_C_1e-05_CCC:0.552669032972
ReliefAttrEval_k_10_ranker_N_30.arffliblinear_C_2e-05_CCC:0.611766719072
ReliefAttrEval_k_10_ranker_N_30.arffliblinear_C_5e-05_CCC:0.652307028476
ReliefAttrEval_k_10_ranker_N_40.arffliblinear_C_0.0001_CCC:0.646517129254
ReliefAttrEval_k_10_ranker_N_40.arffliblinear_C_0.0002_CCC:0.649015768151
ReliefAttrEval_k_10_ranker_N_40.arffliblinear_C_0.0005_CCC:0.646976468758
ReliefAttrEval_k_10_ranker_N_40.arffliblinear_C_1e-05_CCC:0.548015998948
ReliefAttrEval_k_10_ranker_N_40.arffliblinear_C_2e-05_CCC:0.599856264045
ReliefAttrEval_k_10_ranker_N_40.arffliblinear_C_5e-05_CCC:0.636298483922
ReliefAttrEval_k_10_ranker_N_50.arffliblinear_C_0.0001_CCC:0.683973362675
ReliefAttrEval_k_10_ranker_N_50.arffliblinear_C_0.0002_CCC:0.683930644836
ReliefAttrEval_k_10_ranker_N_50.arffliblinear_C_0.0005_CCC:0.681143891374
ReliefAttrEval_k_10_ranker_N_50.arffliblinear_C_1e-05_CCC:0.614682248978
ReliefAttrEval_k_10_ranker_N_50.arffliblinear_C_2e-05_CCC:0.654590063083
ReliefAttrEval_k_10_ranker_N_50.arffliblinear_C_5e-05_CCC:0.67914765916
ReliefAttrEval_k_10_ranker_N_60.arffliblinear_C_0.0001_CCC:0.707262956525
ReliefAttrEval_k_10_ranker_N_60.arffliblinear_C_0.0002_CCC:0.712593386846
ReliefAttrEval_k_10_ranker_N_60.arffliblinear_C_0.0005_CCC:0.715862147748
ReliefAttrEval_k_10_ranker_N_60.arffliblinear_C_1e-05_CCC:0.638592531807
ReliefAttrEval_k_10_ranker_N_60.arffliblinear_C_2e-05_CCC:0.67175777818
ReliefAttrEval_k_10_ranker_N_60.arffliblinear_C_5e-05_CCC:0.697557460722
ReliefAttrEval_k_10_ranker_N_70.arffliblinear_C_0.0001_CCC:0.395221353967
ReliefAttrEval_k_10_ranker_N_70.arffliblinear_C_0.0002_CCC:0.257828101583
ReliefAttrEval_k_10_ranker_N_70.arffliblinear_C_0.0005_CCC:0.144796837945
ReliefAttrEval_k_10_ranker_N_70.arffliblinear_C_1e-05_CCC:0.663455390868
ReliefAttrEval_k_10_ranker_N_70.arffliblinear_C_2e-05_CCC:0.658459932616
ReliefAttrEval_k_10_ranker_N_70.arffliblinear_C_5e-05_CCC:0.543393750422
ReliefAttrEval_k_10_Ranker_N_88T.arffliblinear_C_0.0001_CCC:0.470437400724
ReliefAttrEval_k_10_Ranker_N_88T.arffliblinear_C_0.0002_CCC:0.360496008258
ReliefAttrEval_k_10_Ranker_N_88T.arffliblinear_C_0.0005_CCC:0.241748312679
ReliefAttrEval_k_10_Ranker_N_88T.arffliblinear_C_1e-05_CCC:0.654156398812
ReliefAttrEval_k_10_Ranker_N_88T.arffliblinear_C_2e-05_CCC:0.683105724845
ReliefAttrEval_k_10_Ranker_N_88T.arffliblinear_C_5e-05_CCC:0.601187771983
